image: akm.pgm
resolution: 0.050000
origin: [-12.400000, -13.650000, -0.00]
negate: 0
occupied_thresh: 0.65
free_thresh: 0.196

