image: vslammap5.pgm
resolution: 0.100000
origin: [-3.000000, -1.800000, 0.0000]
negate: 0
occupied_thresh: 0.65
free_thresh: 0.196

