image: vslam2map.pgm
resolution: 0.100000
origin: [-8.700000, -13.900000, 0.0000]
negate: 0
occupied_thresh: 0.65
free_thresh: 0.196

