image: akm.pgm
resolution: 0.050000
origin: [-15.650000, -13.400000, 0.000]
negate: 0
occupied_thresh: 0.65
free_thresh: 0.196

